0.45475029945373535 0.4516763687133789 0.4518873691558838 0.4509294033050537 
0.001861572265625 0.3516881465911865 0.3561515808105469 0.3546762466430664 0.3550450801849365 
0.0018641948699951172 0.35199689865112305 0.35385656356811523 0.3533754348754883 0.3536977767944336 
0.00185394287109375 0.3519575595855713 0.36595797538757324 0.3548886775970459 0.355053186416626 
0.4500722885131836 0.4521653652191162 0.44865894317626953 0.4561290740966797 
0.001859903335571289 0.35048365592956543 0.35042572021484375 0.3551018238067627 0.3533344268798828 
0.0018634796142578125 0.34963560104370117 0.3498835563659668 0.35156679153442383 0.3530905246734619 
0.0018546581268310547 0.34845900535583496 0.350081205368042 0.35255908966064453 0.35198283195495605 
0.44843173027038574 0.44513511657714844 0.45932555198669434 0.4539792537689209 
0.0018527507781982422 0.3505871295928955 0.3480038642883301 0.3603169918060303 0.353590726852417 
0.001844644546508789 0.3511688709259033 0.3480350971221924 0.3590834140777588 0.3545846939086914 
0.0018410682678222656 0.35085320472717285 0.35051822662353516 0.36158084869384766 0.3535332679748535 
